71.419262, 2.244441, 0.001724, 136.000000, 135.000000, 114.000000
24.945188, 0.783934, 0.541345, 136.000000, 135.000000, 114.000000
24.946692, 0.783981, 0.855976, 136.000000, 135.000000, 114.000000
25.467344, 0.800344, 1.580632, 132.000000, 130.000000, 107.000000
25.986733, 0.816666, 2.303527, 132.000000, 130.000000, 107.000000
25.987965, 0.816705, 2.616862, 132.000000, 130.000000, 107.000000
26.505959, 0.832983, 3.337439, 132.000000, 130.000000, 107.000000
26.507056, 0.833018, 3.650048, 136.000000, 135.000000, 107.000000
26.508152, 0.833052, 3.962496, 136.000000, 135.000000, 107.000000
26.509248, 0.833087, 4.274784, 136.000000, 135.000000, 107.000000
27.025587, 0.849313, 4.991930, 136.000000, 135.000000, 107.000000
27.540677, 0.865501, 5.707342, 136.000000, 135.000000, 107.000000
27.027510, 0.849374, 5.614904, 136.000000, 135.000000, 107.000000
27.542335, 0.865553, 6.329198, 136.000000, 135.000000, 107.000000
27.543163, 0.865579, 6.639887, 136.000000, 135.000000, 107.000000
27.543991, 0.865605, 6.950418, 136.000000, 135.000000, 107.000000
27.544818, 0.865631, 7.260790, 136.000000, 135.000000, 107.000000
27.545645, 0.865657, 7.571004, 136.000000, 135.000000, 107.000000
28.058700, 0.881780, 8.281350, 136.000000, 135.000000, 107.000000
29.080674, 0.913897, 9.388365, 136.000000, 135.000000, 107.000000
28.571082, 0.897882, 9.298934, 136.000000, 135.000000, 107.000000
29.081540, 0.913924, 10.005315, 136.000000, 135.000000, 107.000000
29.081973, 0.913938, 10.313554, 136.000000, 135.000000, 107.000000
29.082405, 0.913951, 10.621636, 136.000000, 135.000000, 107.000000
29.591378, 0.929947, 11.325224, 136.000000, 135.000000, 107.000000
29.591680, 0.929956, 11.632601, 136.000000, 135.000000, 107.000000
29.591982, 0.929966, 11.939823, 136.000000, 135.000000, 107.000000
35.119199, 1.103665, 16.537537, 136.000000, 135.000000, 107.000000
35.118110, 1.103631, 16.840212, 136.000000, 135.000000, 107.000000
35.117022, 1.103597, 17.142735, 136.000000, 135.000000, 107.000000
35.612374, 1.119164, 17.829652, 136.000000, 135.000000, 107.000000
35.611163, 1.119126, 18.131492, 136.000000, 135.000000, 107.000000
36.105221, 1.134652, 18.816255, 136.000000, 135.000000, 107.000000
36.598112, 1.150142, 19.499399, 136.000000, 135.000000, 107.000000
37.089839, 1.165595, 20.180931, 136.000000, 135.000000, 107.000000
37.088263, 1.165546, 20.481041, 136.000000, 135.000000, 107.000000
37.578710, 1.180959, 21.160442, 136.000000, 135.000000, 107.000000
38.558079, 1.211736, 22.215908, 136.000000, 135.000000, 107.000000
39.045193, 1.227045, 22.891046, 136.000000, 135.000000, 107.000000
39.531164, 1.242317, 23.564600, 136.000000, 135.000000, 107.000000
40.015996, 1.257553, 24.236575, 136.000000, 135.000000, 107.000000
40.499692, 1.272754, 24.906977, 136.000000, 135.000000, 107.000000
40.982258, 1.287919, 25.575811, 136.000000, 135.000000, 107.000000
41.463696, 1.303049, 26.243083, 136.000000, 135.000000, 107.000000
42.426079, 1.333293, 27.278376, 136.000000, 135.000000, 107.000000
42.904274, 1.348321, 27.941500, 136.000000, 135.000000, 107.000000
43.381357, 1.363314, 28.603083, 136.000000, 135.000000, 107.000000
43.857332, 1.378272, 29.263128, 136.000000, 135.000000, 107.000000
43.854119, 1.378171, 29.556201, 136.000000, 135.000000, 107.000000
44.328877, 1.393091, 30.214214, 136.000000, 135.000000, 107.000000
45.753891, 1.437874, 31.596832, 136.000000, 135.000000, 107.000000
45.750228, 1.437759, 31.888051, 136.000000, 135.000000, 107.000000
45.746567, 1.437644, 32.179127, 136.000000, 135.000000, 107.000000
46.216948, 1.452426, 32.831074, 136.000000, 135.000000, 107.000000
46.213178, 1.452308, 33.121513, 136.000000, 135.000000, 107.000000
46.209409, 1.452189, 33.411810, 136.000000, 135.000000, 107.000000
46.678485, 1.466931, 34.061266, 136.000000, 135.000000, 107.000000
46.201878, 1.451953, 33.991978, 136.000000, 135.000000, 107.000000
46.670734, 1.466687, 34.640450, 136.000000, 135.000000, 107.000000
46.194355, 1.451716, 34.571581, 136.000000, 135.000000, 107.000000
37.049138, 1.164316, 27.935365, 136.000000, 135.000000, 107.000000
38.998213, 1.225568, 29.708366, 136.000000, 135.000000, 107.000000
39.481478, 1.240755, 30.370141, 136.000000, 135.000000, 107.000000
39.963618, 1.255907, 31.030374, 136.000000, 135.000000, 107.000000
37.042923, 1.164121, 29.119481, 136.000000, 135.000000, 107.000000
37.529901, 1.179425, 29.783895, 136.000000, 135.000000, 107.000000
39.472895, 1.240486, 31.545830, 136.000000, 135.000000, 107.000000
35.567976, 1.117769, 28.897866, 136.000000, 135.000000, 107.000000
35.566788, 1.117731, 29.194183, 136.000000, 135.000000, 107.000000
35.565600, 1.117694, 29.490354, 136.000000, 135.000000, 107.000000
37.521556, 1.179162, 31.258193, 136.000000, 135.000000, 107.000000
37.519890, 1.179110, 31.552616, 136.000000, 135.000000, 107.000000
38.005021, 1.194356, 32.212430, 136.000000, 135.000000, 107.000000
36.051134, 1.132953, 31.041446, 136.000000, 135.000000, 107.000000
36.049828, 1.132911, 31.336518, 136.000000, 135.000000, 107.000000
36.537660, 1.148242, 31.997920, 136.000000, 135.000000, 107.000000
37.024352, 1.163537, 32.657778, 136.000000, 135.000000, 107.000000
37.022809, 1.163489, 32.951688, 136.000000, 135.000000, 107.000000
36.044613, 1.132748, 32.515346, 136.000000, 135.000000, 107.000000
35.063288, 1.101908, 32.077609, 136.000000, 135.000000, 107.000000
35.552570, 1.117285, 32.738545, 136.000000, 135.000000, 107.000000
34.570038, 1.086407, 32.300977, 136.000000, 135.000000, 107.000000
37.015108, 1.163247, 34.419066, 136.000000, 135.000000, 107.000000
37.499956, 1.178484, 35.074358, 136.000000, 135.000000, 107.000000
35.547850, 1.117136, 33.915322, 136.000000, 135.000000, 107.000000
36.035511, 1.132462, 34.572688, 136.000000, 135.000000, 107.000000
34.565347, 1.086260, 33.774476, 136.000000, 135.000000, 107.000000
36.032916, 1.132380, 35.159193, 136.000000, 135.000000, 107.000000
36.519203, 1.147662, 35.814018, 136.000000, 135.000000, 107.000000
36.517788, 1.147618, 36.106551, 136.000000, 135.000000, 107.000000
35.051645, 1.101542, 35.313723, 136.000000, 135.000000, 107.000000
37.001292, 1.162812, 37.051237, 136.000000, 135.000000, 107.000000
36.999761, 1.162764, 37.342980, 136.000000, 135.000000, 107.000000
36.998230, 1.162716, 37.634580, 136.000000, 135.000000, 107.000000
36.996701, 1.162668, 37.926036, 136.000000, 135.000000, 107.000000
36.995172, 1.162620, 38.217349, 136.000000, 135.000000, 107.000000
36.993643, 1.162572, 38.508518, 132.000000, 134.000000, 113.000000
36.992116, 1.162524, 38.799545, 132.000000, 134.000000, 113.000000
36.990589, 1.162476, 39.090428, 132.000000, 134.000000, 113.000000
36.989063, 1.162428, 39.381168, 132.000000, 134.000000, 113.000000
36.987538, 1.162380, 39.671765, 132.000000, 134.000000, 113.000000
36.986013, 1.162332, 39.962219, 132.000000, 134.000000, 113.000000
36.499457, 1.147042, 39.896382, 132.000000, 134.000000, 113.000000
36.498052, 1.146997, 40.186904, 133.000000, 135.000000, 114.000000
36.010963, 1.131690, 40.121190, 133.000000, 135.000000, 114.000000
37.463717, 1.177345, 41.477052, 132.000000, 134.000000, 113.000000
37.462079, 1.177293, 41.766443, 133.000000, 135.000000, 114.000000
37.943118, 1.192411, 42.408785, 133.000000, 135.000000, 114.000000
37.941365, 1.192355, 42.697542, 133.000000, 135.000000, 114.000000
37.939613, 1.192300, 42.986157, 133.000000, 135.000000, 114.000000
37.937862, 1.192245, 43.274632, 133.000000, 135.000000, 114.000000
37.936111, 1.192190, 43.562965, 132.000000, 134.000000, 113.000000
37.452268, 1.176985, 43.499811, 133.000000, 135.000000, 114.000000
37.450635, 1.176934, 43.788210, 133.000000, 135.000000, 114.000000
37.449004, 1.176882, 44.076469, 133.000000, 135.000000, 114.000000
37.447373, 1.176831, 44.364586, 133.000000, 135.000000, 114.000000
36.963236, 1.161616, 44.301971, 133.000000, 135.000000, 114.000000
37.444114, 1.176729, 44.940399, 133.000000, 135.000000, 114.000000
37.442485, 1.176678, 45.228094, 133.000000, 135.000000, 114.000000
37.440858, 1.176626, 45.515648, 133.000000, 135.000000, 114.000000
37.439231, 1.176575, 45.803062, 133.000000, 135.000000, 114.000000
37.918654, 1.191642, 46.438555, 133.000000, 135.000000, 114.000000
37.916913, 1.191587, 46.725342, 133.000000, 135.000000, 114.000000
37.915172, 1.191532, 47.011990, 133.000000, 135.000000, 114.000000
37.913433, 1.191478, 47.298497, 133.000000, 135.000000, 114.000000
37.911694, 1.191423, 47.584865, 133.000000, 135.000000, 114.000000
37.909957, 1.191368, 47.871093, 133.000000, 135.000000, 114.000000
37.908220, 1.191314, 48.157182, 133.000000, 135.000000, 114.000000
37.906484, 1.191259, 48.443131, 133.000000, 135.000000, 114.000000
36.943630, 1.161000, 48.037392, 133.000000, 135.000000, 114.000000
38.382152, 1.206208, 49.359104, 133.000000, 135.000000, 114.000000
38.380304, 1.206150, 49.644293, 133.000000, 135.000000, 114.000000
37.419771, 1.175964, 49.241106, 133.000000, 135.000000, 114.000000
38.854536, 1.221053, 50.557099, 133.000000, 135.000000, 114.000000
38.852576, 1.220991, 50.841532, 133.000000, 135.000000, 114.000000
38.850617, 1.220930, 51.125826, 133.000000, 135.000000, 114.000000
-7.333730, -0.230472, 18.355766, 133.000000, 135.000000, 114.000000
38.846701, 1.220807, 51.694002, 133.000000, 135.000000, 114.000000
36.449303, 1.145465, 50.265978, 133.000000, 135.000000, 114.000000
36.447922, 1.145422, 50.551425, 133.000000, 135.000000, 114.000000
37.406861, 1.175558, 51.521990, 133.000000, 135.000000, 114.000000
37.405251, 1.175507, 51.806476, 133.000000, 135.000000, 114.000000
37.403642, 1.175457, 52.090825, 133.000000, 135.000000, 114.000000
37.402033, 1.175406, 52.375035, 133.000000, 135.000000, 114.000000
39.308839, 1.235330, 54.016778, 133.000000, 135.000000, 114.000000
37.398818, 1.175305, 52.943041, 133.000000, 135.000000, 114.000000
39.304714, 1.235200, 54.581806, 133.000000, 135.000000, 114.000000
39.302653, 1.235136, 54.864114, 133.000000, 135.000000, 114.000000
36.915197, 1.160107, 53.454421, 133.000000, 135.000000, 114.000000
38.823288, 1.220071, 55.091505, 133.000000, 135.000000, 114.000000
38.821343, 1.220010, 55.373740, 133.000000, 135.000000, 114.000000
38.819399, 1.219949, 55.655839, 133.000000, 135.000000, 114.000000
38.817456, 1.219888, 55.937801, 133.000000, 135.000000, 114.000000
38.815514, 1.219827, 56.219626, 133.000000, 135.000000, 114.000000
37.861643, 1.189850, 55.829217, 133.000000, 135.000000, 114.000000
37.859929, 1.189796, 56.111441, 133.000000, 135.000000, 114.000000
36.903304, 1.159733, 55.720346, 133.000000, 135.000000, 114.000000
38.332558, 1.204649, 57.010825, 133.000000, 135.000000, 114.000000
88.275422, 2.774167, 92.448181, 133.000000, 135.000000, 114.000000
36.420450, 1.144559, 56.231312, 133.000000, 135.000000, 114.000000
37.374805, 1.174551, 57.185567, 133.000000, 135.000000, 114.000000
40.690486, 1.278750, 59.797003, 133.000000, 135.000000, 114.000000
39.271856, 1.234168, 59.082419, 133.000000, 135.000000, 114.000000
37.370023, 1.174400, 58.030379, 133.000000, 135.000000, 114.000000
88.977587, 2.796233, 94.473748, 132.000000, 134.000000, 113.000000
40.210064, 1.263652, 60.583610, 132.000000, 134.000000, 113.000000
38.790351, 1.219036, 59.871002, 132.000000, 134.000000, 113.000000
38.788421, 1.218975, 60.150930, 132.000000, 134.000000, 113.000000
38.312538, 1.204020, 60.099637, 133.000000, 132.000000, 112.000000
40.201009, 1.263368, 61.699094, 133.000000, 132.000000, 112.000000
39.255521, 1.233654, 61.319736, 133.000000, 132.000000, 112.000000
39.253484, 1.233590, 61.598796, 128.000000, 127.000000, 99.000000
38.778790, 1.218673, 61.548548, 128.000000, 127.000000, 99.000000
39.249412, 1.233462, 62.156512, 128.000000, 127.000000, 99.000000
38.774944, 1.218552, 62.106654, 128.000000, 127.000000, 99.000000
38.773022, 1.218491, 62.385505, 131.000000, 130.000000, 102.000000
38.298044, 1.203565, 62.335776, 135.000000, 133.000000, 112.000000
38.296237, 1.203508, 62.614689, 118.000000, 117.000000, 89.000000
39.710394, 1.247949, 63.875079, 118.000000, 117.000000, 89.000000
39.708253, 1.247882, 64.152741, 117.000000, 116.000000, 88.000000
39.706114, 1.247815, 64.430270, 117.000000, 116.000000, 88.000000
39.703975, 1.247748, 64.707667, 117.000000, 116.000000, 88.000000
39.701837, 1.247681, 64.984930, 118.000000, 117.000000, 89.000000
39.699701, 1.247613, 65.262060, 118.000000, 117.000000, 89.000000
37.808911, 1.188193, 64.515084, 122.000000, 121.000000, 93.000000
37.807223, 1.188140, 64.793120, 124.000000, 123.000000, 95.000000
37.805536, 1.188087, 65.071021, 124.000000, 123.000000, 95.000000
38.748124, 1.217709, 65.998414, 125.000000, 124.000000, 96.000000
39.686903, 1.247211, 66.922057, 125.000000, 124.000000, 96.000000
40.151512, 1.261812, 67.796152, 125.000000, 124.000000, 96.000000
40.617198, 1.276447, 68.392696, 125.000000, 124.000000, 96.000000
42.013320, 1.320322, 69.626268, 126.000000, 125.000000, 97.000000
40.612507, 1.276299, 68.942892, 128.000000, 127.000000, 99.000000
40.610164, 1.276226, 69.217794, 126.000000, 125.000000, 97.000000
37.790388, 1.187611, 67.566143, 128.000000, 127.000000, 99.000000
38.730978, 1.217170, 68.486497, 128.000000, 127.000000, 99.000000
41.069577, 1.290663, 70.360149, 128.000000, 127.000000, 99.000000
41.067129, 1.290587, 70.634208, 128.000000, 127.000000, 99.000000
41.064682, 1.290510, 70.908136, 128.000000, 127.000000, 99.000000
39.661416, 1.246410, 70.227798, 131.000000, 130.000000, 102.000000
40.593788, 1.275711, 71.138438, 128.000000, 127.000000, 99.000000
39.188802, 1.231558, 70.458379, 130.000000, 129.000000, 101.000000
39.186797, 1.231495, 70.733062, 128.000000, 127.000000, 99.000000
39.652953, 1.246144, 71.325510, 128.000000, 127.000000, 99.000000
39.182789, 1.231369, 71.282034, 128.000000, 127.000000, 99.000000
39.180786, 1.231306, 71.556323, 131.000000, 130.000000, 102.000000
41.045146, 1.289896, 73.094878, 131.000000, 130.000000, 102.000000
41.042710, 1.289819, 73.367636, 131.000000, 130.000000, 102.000000
41.040274, 1.289743, 73.640265, 132.000000, 130.000000, 107.000000
40.572814, 1.275052, 73.598454, 132.000000, 130.000000, 107.000000
41.035407, 1.289590, 74.185135, 132.000000, 130.000000, 107.000000
41.032975, 1.289513, 74.457376, 132.000000, 130.000000, 107.000000
41.030544, 1.289437, 74.729489, 132.000000, 130.000000, 107.000000
41.028114, 1.289360, 75.001472, 131.000000, 129.000000, 107.000000
41.025685, 1.289284, 75.273326, 131.000000, 129.000000, 107.000000
41.486816, 1.303776, 75.856921, 132.000000, 130.000000, 109.000000
41.020831, 1.289132, 75.816647, 132.000000, 130.000000, 109.000000
41.018406, 1.289055, 76.088115, 133.000000, 131.000000, 110.000000
41.015982, 1.288979, 76.359454, 134.000000, 132.000000, 111.000000
41.013559, 1.288903, 76.630665, 134.000000, 132.000000, 110.000000
41.011138, 1.288827, 76.901747, 133.000000, 131.000000, 110.000000
41.008717, 1.288751, 77.172701, 133.000000, 131.000000, 109.000000
41.006298, 1.288675, 77.443527, 134.000000, 131.000000, 111.000000
41.003879, 1.288599, 77.714225, 134.000000, 132.000000, 111.000000
41.001462, 1.288523, 77.984795, 135.000000, 132.000000, 112.000000
41.461531, 1.302981, 78.563986, 131.000000, 133.000000, 111.000000
41.459009, 1.302902, 78.833989, 131.000000, 133.000000, 110.000000
41.456488, 1.302823, 79.103864, 131.000000, 133.000000, 110.000000
41.453968, 1.302743, 79.373613, 131.000000, 133.000000, 110.000000
41.451450, 1.302664, 79.643234, 131.000000, 133.000000, 110.000000
41.448933, 1.302585, 79.912727, 131.000000, 133.000000, 110.000000
41.446417, 1.302506, 80.182094, 132.000000, 134.000000, 112.000000
41.443902, 1.302427, 80.451334, 132.000000, 134.000000, 112.000000
41.441388, 1.302348, 80.720446, 132.000000, 134.000000, 112.000000
41.438876, 1.302269, 80.989432, 134.000000, 136.000000, 114.000000
40.974949, 1.287690, 80.952637, 134.000000, 136.000000, 114.000000
40.972546, 1.287614, 81.221677, 134.000000, 136.000000, 114.000000
40.970143, 1.287539, 81.490591, 134.000000, 136.000000, 113.000000
40.967742, 1.287463, 81.759377, 134.000000, 136.000000, 114.000000
39.577506, 1.243773, 81.111554, 134.000000, 136.000000, 113.000000
39.575428, 1.243708, 81.381012, 134.000000, 136.000000, 114.000000
40.960545, 1.287237, 82.564978, 132.000000, 130.000000, 109.000000
40.958149, 1.287162, 82.833259, 134.000000, 132.000000, 110.000000
40.955753, 1.287086, 83.101413, 133.000000, 131.000000, 110.000000
40.953359, 1.287011, 83.369441, 133.000000, 131.000000, 109.000000
40.027837, 1.257925, 83.030580, 132.000000, 130.000000, 109.000000
40.025658, 1.257857, 83.298969, 133.000000, 131.000000, 110.000000
40.023480, 1.257789, 83.567232, 133.000000, 131.000000, 110.000000
39.558844, 1.243187, 83.532108, 132.000000, 130.000000, 107.000000
41.860454, 1.315518, 85.309891, 132.000000, 130.000000, 107.000000
39.554708, 1.243057, 84.068615, 132.000000, 130.000000, 107.000000
40.936629, 1.286485, 85.242110, 133.000000, 131.000000, 110.000000
38.624076, 1.213810, 83.998956, 133.000000, 131.000000, 110.000000
39.548510, 1.242862, 84.872428, 135.000000, 133.000000, 112.000000
39.546447, 1.242797, 85.140113, 131.000000, 129.000000, 107.000000
41.844878, 1.315028, 86.908001, 131.000000, 129.000000, 107.000000
41.842286, 1.314947, 87.173916, 131.000000, 129.000000, 107.000000
41.839695, 1.314865, 87.439706, 132.000000, 130.000000, 109.000000
41.837106, 1.314784, 87.705372, 132.000000, 130.000000, 109.000000
40.457904, 1.271441, 87.075923, 131.000000, 129.000000, 107.000000
40.455633, 1.271369, 87.342246, 132.000000, 130.000000, 107.000000
39.993098, 1.256834, 87.309677, 132.000000, 130.000000, 107.000000
39.990936, 1.256766, 87.576053, 132.000000, 130.000000, 108.000000
40.448828, 1.271156, 88.140466, 132.000000, 130.000000, 109.000000
41.821595, 1.314297, 89.296757, 133.000000, 131.000000, 110.000000
40.903335, 1.285439, 88.969028, 132.000000, 130.000000, 107.000000
41.359099, 1.299762, 89.530522, 131.000000, 129.000000, 107.000000
40.898596, 1.285290, 89.499450, 132.000000, 130.000000, 108.000000
40.896229, 1.285216, 89.764475, 131.000000, 129.000000, 107.000000
40.893862, 1.285141, 90.029376, 131.000000, 129.000000, 107.000000
41.349210, 1.299451, 90.589174, 131.000000, 129.000000, 107.000000
41.346741, 1.299374, 90.853528, 132.000000, 130.000000, 107.000000
41.344273, 1.299296, 91.117759, 132.000000, 130.000000, 109.000000
41.341806, 1.299219, 91.381866, 132.000000, 130.000000, 109.000000
41.339340, 1.299141, 91.645849, 132.000000, 130.000000, 109.000000
41.336876, 1.299064, 91.909710, 132.000000, 130.000000, 109.000000
39.960768, 1.255818, 91.292227, 132.000000, 130.000000, 109.000000
41.331950, 1.298909, 92.437061, 132.000000, 130.000000, 109.000000
39.956474, 1.255683, 91.821122, 132.000000, 130.000000, 109.000000
40.870258, 1.284400, 92.671585, 132.000000, 130.000000, 109.000000
40.867904, 1.284326, 92.935127, 132.000000, 130.000000, 109.000000
40.408194, 1.269879, 92.906297, 132.000000, 130.000000, 109.000000
40.405946, 1.269808, 93.169890, 132.000000, 130.000000, 109.000000
40.403700, 1.269737, 93.433361, 131.000000, 129.000000, 107.000000
40.401455, 1.269667, 93.696709, 131.000000, 129.000000, 107.000000
40.399210, 1.269596, 93.959934, 131.000000, 129.000000, 107.000000
40.396967, 1.269526, 94.223036, 133.000000, 131.000000, 110.000000
40.394725, 1.269455, 94.486015, 133.000000, 131.000000, 110.000000
38.558028, 1.211735, 93.583117, 135.000000, 133.000000, 112.000000
39.474822, 1.240546, 94.430336, 135.000000, 133.000000, 112.000000
39.013991, 1.226064, 94.402443, 135.000000, 133.000000, 112.000000
40.842078, 1.283514, 95.825996, 135.000000, 133.000000, 112.000000
39.010146, 1.225943, 94.929076, 135.000000, 133.000000, 112.000000
39.008225, 1.225883, 95.192208, 133.000000, 131.000000, 110.000000
40.835058, 1.283293, 96.611847, 133.000000, 131.000000, 110.000000
40.832720, 1.283220, 96.873554, 133.000000, 131.000000, 110.000000
40.374592, 1.268823, 96.847321, 133.000000, 131.000000, 110.000000
40.372361, 1.268753, 97.109078, 132.000000, 130.000000, 109.000000
39.456593, 1.239973, 96.794757, 133.000000, 131.000000, 110.000000
39.454572, 1.239910, 97.056858, 133.000000, 131.000000, 110.000000
39.452552, 1.239846, 97.318838, 133.000000, 131.000000, 110.000000
40.818715, 1.282780, 98.441241, 133.000000, 131.000000, 110.000000
40.816384, 1.282707, 98.702097, 135.000000, 133.000000, 112.000000
40.814055, 1.282633, 98.962833, 135.000000, 133.000000, 112.000000
40.811727, 1.282560, 99.223447, 135.000000, 133.000000, 112.000000
40.354544, 1.268193, 99.198757, 135.000000, 133.000000, 112.000000
40.807074, 1.282414, 99.744313, 135.000000, 133.000000, 112.000000
40.804749, 1.282341, 100.004565, 135.000000, 133.000000, 112.000000
40.802425, 1.282268, 100.264696, 135.000000, 133.000000, 112.000000
40.800102, 1.282195, 100.524706, 135.000000, 133.000000, 112.000000
40.797780, 1.282122, 100.784596, 132.000000, 130.000000, 109.000000
40.795460, 1.282049, 101.044366, 134.000000, 132.000000, 111.000000
39.428388, 1.239087, 100.453098, 134.000000, 132.000000, 111.000000
39.426380, 1.239024, 100.713498, 133.000000, 131.000000, 110.000000
39.424373, 1.238961, 100.973777, 134.000000, 132.000000, 110.000000
39.422368, 1.238898, 101.233935, 134.000000, 132.000000, 110.000000
40.783873, 1.281685, 102.341410, 134.000000, 132.000000, 110.000000
40.781559, 1.281612, 102.600459, 68.000000, 63.000000, 60.000000
40.779245, 1.281539, 102.859387, 134.000000, 132.000000, 110.000000
40.776933, 1.281467, 103.118196, 131.000000, 129.000000, 107.000000
40.774622, 1.281394, 103.376886, 131.000000, 129.000000, 107.000000
40.772312, 1.281322, 103.635455, 133.000000, 131.000000, 110.000000
40.770004, 1.281249, 103.893906, 133.000000, 131.000000, 110.000000
40.767696, 1.281176, 104.152236, 133.000000, 131.000000, 110.000000
40.765389, 1.281104, 104.410448, 133.000000, 131.000000, 110.000000
40.763083, 1.281032, 104.668540, 133.000000, 131.000000, 110.000000
40.760779, 1.280959, 104.926513, 133.000000, 131.000000, 110.000000
40.758475, 1.280887, 105.184367, 133.000000, 131.000000, 110.000000
40.756173, 1.280814, 105.442101, 133.000000, 131.000000, 110.000000
40.301489, 1.266525, 105.421461, 132.000000, 130.000000, 109.000000
40.299291, 1.266456, 105.679244, 134.000000, 132.000000, 110.000000
39.390402, 1.237893, 105.380102, 134.000000, 132.000000, 110.000000
39.388412, 1.237831, 105.638220, 134.000000, 132.000000, 110.000000
38.932111, 1.223491, 105.617669, 134.000000, 132.000000, 110.000000
38.475235, 1.209133, 105.597092, 134.000000, 132.000000, 110.000000
-39.959976, -1.255793, 57.843194, 135.000000, 133.000000, 112.000000
-40.542134, -1.274088, 57.784925, 135.000000, 133.000000, 112.000000
-41.125137, -1.292409, 57.726572, 132.000000, 130.000000, 109.000000
-41.106001, -1.291808, 58.036358, 134.000000, 132.000000, 111.000000
-33.357751, -1.048310, 63.062116, 136.000000, 138.000000, 117.000000
-41.067762, -1.290606, 58.655434, 131.000000, 129.000000, 107.000000
-39.248459, -1.233433, 60.061401, 133.000000, 131.000000, 110.000000
-39.229898, -1.232849, 60.369322, 134.000000, 132.000000, 111.000000
-41.612566, -1.307728, 59.216613, 133.000000, 131.000000, 110.000000
-39.791155, -1.250487, 60.621040, 133.000000, 131.000000, 110.000000
-39.772446, -1.249899, 60.928871, 137.000000, 136.000000, 116.000000
-39.753748, -1.249312, 61.236539, 134.000000, 131.000000, 111.000000
-39.735060, -1.248725, 61.544044, 134.000000, 132.000000, 110.000000
-40.915209, -1.285812, 61.125166, 134.000000, 132.000000, 110.000000
-39.697713, -1.247551, 62.158566, 134.000000, 132.000000, 111.000000
-39.679054, -1.246965, 62.465583, 134.000000, 131.000000, 111.000000
-39.660405, -1.246378, 62.772437, 133.000000, 131.000000, 110.000000
-40.239880, -1.264589, 62.717973, 133.000000, 131.000000, 110.000000
-40.221074, -1.263998, 63.024901, 134.000000, 132.000000, 110.000000
-40.801219, -1.282230, 62.970594, 133.000000, 131.000000, 110.000000
-39.585908, -1.244037, 63.998232, 134.000000, 132.000000, 110.000000
-39.567309, -1.243453, 64.304276, 134.000000, 132.000000, 110.000000
-39.548719, -1.242869, 64.610158, 134.000000, 132.000000, 111.000000
-39.530139, -1.242285, 64.915878, 134.000000, 132.000000, 111.000000
-40.108448, -1.260459, 64.863059, 133.000000, 131.000000, 109.000000
-38.897479, -1.222403, 65.884114, 133.000000, 131.000000, 109.000000
-38.879103, -1.221825, 66.188956, 133.000000, 131.000000, 109.000000
-39.455918, -1.239952, 66.137146, 133.000000, 131.000000, 109.000000
-41.229438, -1.295687, 65.369553, 133.000000, 131.000000, 109.000000
-39.418866, -1.238788, 66.746813, 133.000000, 131.000000, 109.000000
-39.996178, -1.256931, 66.695395, 135.000000, 133.000000, 112.000000
-38.787372, -1.218942, 67.710759, 135.000000, 133.000000, 112.000000
-38.769055, -1.218367, 68.014639, 135.000000, 133.000000, 112.000000
-40.536646, -1.273915, 67.253857, 134.000000, 132.000000, 110.000000
-39.921529, -1.254585, 67.913731, 133.000000, 131.000000, 109.000000
-38.714161, -1.216642, 68.925318, 134.000000, 131.000000, 111.000000
-38.695883, -1.216067, 69.228559, 134.000000, 132.000000, 111.000000
-40.461412, -1.271551, 68.471837, 131.000000, 133.000000, 111.000000
-40.442629, -1.270961, 68.775931, 134.000000, 132.000000, 111.000000
-40.423855, -1.270371, 69.079864, 134.000000, 132.000000, 111.000000
-39.809851, -1.251075, 69.736424, 135.000000, 133.000000, 112.000000
-38.604633, -1.213199, 70.742372, 134.000000, 132.000000, 110.000000
-38.586412, -1.212627, 71.044658, 135.000000, 132.000000, 112.000000
-39.754143, -1.249324, 70.645614, 135.000000, 132.000000, 112.000000
-39.735594, -1.248741, 70.948358, 135.000000, 132.000000, 112.000000
-39.717054, -1.248159, 71.250943, 133.000000, 131.000000, 109.000000
-39.698524, -1.247576, 71.553369, 134.000000, 132.000000, 111.000000
-39.068811, -1.227787, 72.506735, 133.000000, 131.000000, 110.000000
-39.050484, -1.227211, 72.808297, 133.000000, 131.000000, 110.000000
-39.032166, -1.226635, 73.109702, 133.000000, 131.000000, 109.000000
-39.013858, -1.226060, 73.410949, 133.000000, 131.000000, 110.000000
-38.995560, -1.225485, 73.712038, 133.000000, 131.000000, 110.000000
-38.977271, -1.224910, 74.012968, 135.000000, 132.000000, 112.000000
-38.958992, -1.224336, 74.313742, 135.000000, 132.000000, 112.000000
-38.940722, -1.223761, 74.614357, 135.000000, 132.000000, 112.000000
-38.922462, -1.223188, 74.914815, 134.000000, 132.000000, 111.000000
-38.904211, -1.222614, 75.215116, 135.000000, 132.000000, 112.000000
-40.069027, -1.259220, 74.824306, 135.000000, 132.000000, 112.000000
-40.643539, -1.277275, 74.778955, 135.000000, 132.000000, 112.000000
-40.624798, -1.276686, 75.079935, 135.000000, 132.000000, 112.000000
-38.831305, -1.220323, 76.414748, 135.000000, 132.000000, 112.000000
-39.403363, -1.238301, 76.370655, 133.000000, 133.000000, 111.000000
-38.794908, -1.219179, 77.013624, 135.000000, 132.000000, 112.000000
-38.776725, -1.218608, 77.312827, 135.000000, 132.000000, 112.000000
-38.151958, -1.198974, 78.252183, 135.000000, 132.000000, 112.000000
-38.722230, -1.216895, 78.209498, 135.000000, 132.000000, 112.000000
-36.358581, -1.142614, 79.866761, 135.000000, 132.000000, 112.000000
-38.685948, -1.215755, 78.806498, 135.000000, 132.000000, 112.000000
-38.080078, -1.196715, 79.444669, 135.000000, 132.000000, 112.000000
-39.238419, -1.233117, 79.062689, 135.000000, 132.000000, 112.000000
-39.220139, -1.232543, 79.361023, 135.000000, 132.000000, 112.000000
-38.613497, -1.213478, 79.998632, 133.000000, 133.000000, 111.000000
-38.595408, -1.212910, 80.296277, 133.000000, 133.000000, 111.000000
-39.754533, -1.249337, 79.915758, 133.000000, 133.000000, 111.000000
-40.917569, -1.285886, 79.533956, 133.000000, 133.000000, 111.000000
-40.898821, -1.285297, 79.832648, 133.000000, 133.000000, 111.000000
-38.523145, -1.210639, 81.485306, 133.000000, 133.000000, 111.000000
-39.092451, -1.228530, 81.445008, 133.000000, 133.000000, 111.000000
-39.662565, -1.246446, 81.404653, 133.000000, 133.000000, 111.000000
-41.415514, -1.301535, 80.686816, 133.000000, 133.000000, 111.000000
-40.214964, -1.263806, 81.661776, 133.000000, 133.000000, 111.000000
-40.196447, -1.263224, 81.959155, 135.000000, 132.000000, 112.000000
-40.767860, -1.281182, 81.919130, 135.000000, 132.000000, 112.000000
-40.749190, -1.280595, 82.216576, 135.000000, 132.000000, 112.000000
-41.321253, -1.298573, 82.176715, 135.000000, 132.000000, 112.000000
-41.302431, -1.297981, 82.474229, 133.000000, 131.000000, 109.000000
-39.515915, -1.241838, 83.778826, 133.000000, 131.000000, 109.000000
-39.497627, -1.241263, 84.074903, 135.000000, 132.000000, 112.000000
-39.479348, -1.240688, 84.370826, 135.000000, 132.000000, 112.000000
-40.637376, -1.277081, 83.998001, 135.000000, 132.000000, 112.000000
-40.618775, -1.276496, 84.294364, 135.000000, 132.000000, 112.000000
-40.600183, -1.275912, 84.590572, 134.000000, 131.000000, 111.000000
-40.563028, -1.274744, 85.182527, 134.000000, 131.000000, 111.000000
-39.956601, -1.255687, 85.811026, 134.000000, 131.000000, 111.000000
-39.351662, -1.236676, 86.437983, 133.000000, 131.000000, 109.000000
-41.685834, -1.310030, 85.403355, 131.000000, 133.000000, 111.000000
-41.666957, -1.309437, 85.699386, 133.000000, 131.000000, 109.000000
-41.648090, -1.308844, 85.995264, 135.000000, 132.000000, 112.000000
-41.629233, -1.308251, 86.290987, 134.000000, 132.000000, 110.000000
-41.021267, -1.289145, 86.918361, 133.000000, 131.000000, 109.000000
-42.162637, -1.325014, 86.845531, 133.000000, 131.000000, 109.000000
-41.553902, -1.305884, 87.472341, 131.000000, 133.000000, 111.000000
-39.773204, -1.249923, 88.756335, 131.000000, 133.000000, 111.000000
-41.516295, -1.304702, 88.062098, 131.000000, 133.000000, 111.000000
-41.497506, -1.304112, 88.356746, 131.000000, 133.000000, 111.000000
-40.890807, -1.285045, 88.980447, 134.000000, 132.000000, 111.000000
-40.872209, -1.284461, 89.274419, 134.000000, 132.000000, 111.000000
-40.853620, -1.283877, 89.568238, 134.000000, 131.000000, 111.000000
-41.422449, -1.301753, 89.533808, 134.000000, 131.000000, 111.000000
-40.816471, -1.282709, 90.155420, 134.000000, 132.000000, 111.000000
-40.211976, -1.263712, 90.775511, 131.000000, 133.000000, 111.000000
-40.193595, -1.263135, 91.068355, 135.000000, 132.000000, 112.000000
-40.760820, -1.280960, 91.035053, 133.000000, 133.000000, 111.000000
-40.156862, -1.261980, 91.653587, 135.000000, 132.000000, 112.000000
-41.897675, -1.316687, 90.968307, 135.000000, 132.000000, 112.000000
-40.120167, -1.260827, 92.238213, 135.000000, 132.000000, 112.000000
-40.686753, -1.278633, 92.205771, 133.000000, 133.000000, 111.000000
-40.668260, -1.278052, 92.498072, 133.000000, 133.000000, 111.000000
-40.065196, -1.259100, 93.114020, 133.000000, 133.000000, 111.000000
-42.391315, -1.332201, 92.108168, 133.000000, 133.000000, 111.000000
-42.372341, -1.331604, 92.401114, 133.000000, 133.000000, 111.000000
-42.353377, -1.331009, 92.693908, 133.000000, 133.000000, 111.000000
-40.575940, -1.275150, 93.957310, 134.000000, 131.000000, 111.000000
-40.557504, -1.274571, 94.248705, 133.000000, 133.000000, 111.000000
-40.539078, -1.273992, 94.539950, 134.000000, 131.000000, 111.000000
-39.937260, -1.255079, 95.152297, 135.000000, 132.000000, 112.000000
-39.919022, -1.254506, 95.442879, 135.000000, 132.000000, 112.000000
-39.900792, -1.253933, 95.733311, 134.000000, 132.000000, 111.000000
-39.882572, -1.253360, 96.023593, 134.000000, 132.000000, 111.000000
-40.447091, -1.271101, 95.993920, 134.000000, 132.000000, 111.000000
-40.428722, -1.270524, 96.284264, 134.000000, 132.000000, 111.000000
-40.410363, -1.269947, 96.574458, 134.000000, 132.000000, 111.000000
-40.392013, -1.269370, 96.864503, 134.000000, 132.000000, 111.000000
-40.373672, -1.268794, 97.154398, 134.000000, 132.000000, 111.000000
-40.938350, -1.286539, 97.125529, 134.000000, 132.000000, 110.000000
-40.919861, -1.285958, 97.415486, 133.000000, 131.000000, 109.000000
-40.901381, -1.285378, 97.705293, 133.000000, 131.000000, 110.000000
-40.882910, -1.284797, 97.994951, 135.000000, 132.000000, 112.000000
-40.864449, -1.284217, 98.284460, 133.000000, 131.000000, 110.000000
-40.845998, -1.283637, 98.573820, 133.000000, 131.000000, 110.000000
-40.827556, -1.283058, 98.863030, 135.000000, 132.000000, 112.000000
-40.809123, -1.282478, 99.152092, 135.000000, 132.000000, 112.000000
-41.373485, -1.300214, 99.124657, 134.000000, 132.000000, 111.000000
-41.354904, -1.299630, 99.413780, 134.000000, 132.000000, 111.000000
-41.336332, -1.299047, 99.702754, 133.000000, 131.000000, 109.000000
-41.317770, -1.298463, 99.991579, 133.000000, 131.000000, 109.000000
-41.882449, -1.316209, 99.964735, 133.000000, 131.000000, 109.000000
-41.863738, -1.315621, 100.253621, 135.000000, 132.000000, 112.000000
-42.429051, -1.333387, 100.226949, 135.000000, 132.000000, 112.000000
-42.995159, -1.351177, 100.200240, 135.000000, 132.000000, 112.000000
-41.225102, -1.295551, 101.433478, 135.000000, 132.000000, 112.000000
-41.206597, -1.294969, 101.721413, 134.000000, 132.000000, 111.000000
-41.188102, -1.294388, 102.009200, 135.000000, 132.000000, 112.000000
-41.169616, -1.293807, 102.296839, 135.000000, 132.000000, 112.000000
-41.151140, -1.293227, 102.584331, 135.000000, 132.000000, 112.000000
-43.466267, -1.365982, 101.618835, 135.000000, 132.000000, 112.000000
-42.278442, -1.328654, 102.534363, 135.000000, 132.000000, 112.000000
-44.013880, -1.383192, 101.881932, 135.000000, 132.000000, 112.000000
-42.240886, -1.327473, 103.109734, 133.000000, 131.000000, 109.000000
-42.222123, -1.326884, 103.397197, 133.000000, 131.000000, 109.000000
-42.786484, -1.344619, 103.372784, 133.000000, 131.000000, 109.000000
-42.767572, -1.344025, 103.660308, 133.000000, 131.000000, 109.000000
-42.748670, -1.343431, 103.947684, 135.000000, 132.000000, 112.000000
-42.729778, -1.342837, 104.234912, 135.000000, 132.000000, 112.000000
-42.710895, -1.342244, 104.521992, 135.000000, 132.000000, 112.000000
-43.859924, -1.378354, 104.187230, 135.000000, 132.000000, 112.000000
-43.840724, -1.377750, 104.474725, 135.000000, 132.000000, 112.000000
-43.821534, -1.377147, 104.762072, 135.000000, 132.000000, 112.000000
-43.802354, -1.376544, 105.049272, 135.000000, 132.000000, 112.000000
-43.783184, -1.375942, 105.336324, 135.000000, 132.000000, 112.000000
